/usr/bin/symcryptrun|125984|1656951636|755
/usr/bin/grub-mkrelpath|245328|1671398943|755
/usr/bin/debian-distro-info|23440|1682431058|755
/usr/bin/mk_modmap|16163|1557415371|755
/usr/bin/w.procps|22760|1698752156|755
/usr/bin/sg_sat_phy_event|19304|1582581607|755
/usr/bin/dpkg-split|125424|1653477260|755
/usr/bin/ssh-argv0|1455|1680562033|755
/usr/bin/sg_bg_ctl|14696|1582581607|755
/usr/bin/sdiff|51296|1554725040|755
/usr/bin/hwe-support-status|10830|1726054868|755
/usr/bin/sg_verify|19176|1582581607|755
/usr/bin/dpkg-trigger|84472|1653477260|755
/usr/bin/sg_emc_trespass|14488|1582581607|755
/usr/bin/users|39256|1567679920|755
/usr/bin/red|89|1582352446|755
/usr/bin/ucfq|19367|1544777474|755
/usr/bin/cloud-init|394|1732557220|755
/usr/bin/sha1sum|51576|1567679920|755
/usr/bin/networkctl|76008|1718656179|755
/usr/bin/lsipc|96488|1712676853|755
/usr/bin/sbsign|59952|1646941264|755
/usr/bin/enc2xs|42111|1700751739|755
/usr/bin/dash|129816|1563473727|755
/usr/bin/grub-mkpasswd-pbkdf2|254160|1671398943|755
/usr/bin/byobu-launcher-uninstall|1561|1581948710|755
/usr/bin/dumpkeys|178712|1557415371|755
/usr/bin/hostnamectl|26848|1718656179|755
/usr/bin/wdctl|35048|1712676853|755
/usr/bin/vcs-run|6912|1582663281|755
/usr/bin/setsid|14568|1712676853|755
/usr/bin/grub-mknetdir|411200|1671398943|755
/usr/bin/unexpand|43384|1567679920|755
/usr/bin/ckbcomp|149904|1585303806|755
/usr/bin/stat|88440|1567679920|755
/usr/bin/sg_write_same|27400|1582581607|755
/usr/bin/mcookie|35120|1712676853|755
/usr/bin/rgrep|30|1579188440|755
/usr/bin/sg_write_buffer|27752|1582581607|755
/usr/bin/migrate-pubring-from-classic-gpg|3060|1609956635|755
/usr/bin/tbl|141832|1584793650|755
/usr/bin/lcf|7786|1544777474|755
/usr/bin/setarch|27136|1712676853|755
/usr/bin/systemd-id128|22752|1718656179|755
/usr/bin/ssh|793544|1704215582|755
/usr/bin/busctl|88416|1718656179|755
/usr/bin/dig|150368|1727126508|755
/usr/bin/snap|17605304|1728633946|755
/usr/bin/toe|22840|1684262868|755
/usr/bin/mt-gnu|88864|1714307485|755
/usr/bin/troff|753568|1584793650|755
/usr/bin/clear_console|14568|1650273286|755
/usr/bin/finalrd|2152|1599749589|755
/usr/bin/mapscrn|26760|1557415371|755
/usr/bin/bzip2recover|18584|1567695914|755
/usr/bin/sbkeysync|68304|1646941264|755
/usr/bin/tkconch3|386|1732300147|755
/usr/bin/pkcon|76088|1600858522|755
/usr/bin/systemd-analyze|1587584|1718656179|755
/usr/bin/sftp|170504|1704215582|755
/usr/bin/gsettings|31112|1731525173|755
/usr/bin/sg_sat_set_features|18984|1582581607|755
/usr/bin/pkaction|18744|1645448313|755
/usr/bin/expr|55640|1567679920|755
/usr/bin/pastebinit|16515|1564810553|755
/usr/bin/plymouth|51352|1604311337|755
/usr/bin/gpgparsemail|35200|1656951636|755
/usr/bin/pydoc3.8|79|1730985047|755
/usr/bin/partx|121072|1712676853|755
/usr/bin/addpart|30952|1712676853|755
/usr/bin/utmpdump|30952|1712676853|755
/usr/bin/systemd-stdio-bridge|22760|1718656179|755
/usr/bin/systemd-mount|51664|1718656179|755
/usr/bin/lslogins|67816|1712676853|755
/usr/bin/vmware-vmblock-fuse|23264|1698407515|755
/usr/bin/codepage|14328|1557415371|755
/usr/bin/lsattr|14656|1696816561|755
/usr/bin/ssh-keygen|477488|1704215582|755
/usr/bin/arch|39288|1567679920|755
/usr/bin/grub-glue-efi|249712|1671398943|755
/usr/bin/ssh-agent|350504|1704215582|2755
/usr/bin/sg_reset|14856|1582581607|755
/usr/bin/jsonschema|397|1579805078|755
/usr/bin/man-recode|27544|1582650825|755
/usr/bin/egrep|28|1580290313|755
/usr/bin/whiptail|34984|1582017664|755
/usr/bin/who|59768|1567679920|755
/usr/bin/select-editor|2442|1573993282|755
/usr/bin/netkit-ftp|109256|1551015561|755
/usr/bin/gpg-agent|418856|1656951636|755
/usr/bin/login|57104|1707223794|755
/usr/bin/sgm_dd|34976|1582581607|755
/usr/bin/keyring|385|1584186355|755
/usr/bin/sg_sync|14856|1582581607|755
/usr/bin/ssh-import-id-gh|785|1582904692|755
/usr/bin/run-one|3592|1389824644|755
/usr/bin/apport-bug|2558|1681427841|755
/usr/bin/ssh-add|370976|1704215582|755
/usr/bin/getkeycodes|14408|1557415371|755
/usr/bin/last|51432|1712676853|755
/usr/bin/grub-mkfont|274864|1671398943|755
/usr/bin/sg_ses_microcode|31976|1582581607|755
/usr/bin/byobu-enable|1182|1581948710|755
/usr/bin/sg_write_long|14952|1582581607|755
/usr/bin/tr|51544|1567679920|755
/usr/bin/cp|153976|1567679920|755
/usr/bin/lsinitramfs|706|1616093297|755
/usr/bin/mokutil|65080|1692912319|755
/usr/bin/sha256sum|59768|1567679920|755
/usr/bin/sbverify|63984|1646941264|755
/usr/bin/zdiff|5898|1649415945|755
/usr/bin/lsof|175744|1608915455|755
/usr/bin/usbreset|14640|1569963791|755
/usr/bin/rm|72056|1567679920|755
/usr/bin/byobu-enable-prompt|1453|1581948710|755
/usr/bin/systemd-ask-password|14680|1718656179|755
/usr/bin/bash|1183448|1650273286|755
/usr/bin/ubuntu-distro-info|23440|1682431058|755
/usr/bin/bzgrep|3775|1567695914|755
/usr/bin/pod2man|15034|1700751739|755
/usr/bin/apt-cdrom|31192|1696585350|755
/usr/bin/systemctl|996584|1718656179|755
/usr/bin/loadkeys|215624|1557415371|755
/usr/bin/rename.ul|22760|1712676853|755
/usr/bin/sum|47456|1567679920|755
/usr/bin/os-prober|4551|1485894639|755
/usr/bin/jsonpatch|3662|1567688483|755
/usr/bin/find|320160|1581987959|755
/usr/bin/truncate|43352|1567679920|755
/usr/bin/sg_stream_ctl|23080|1582581607|755
/usr/bin/dbus-monitor|30864|1666703366|755
/usr/bin/perlthanks|46366|1700751739|755
/usr/bin/vim.basic|2910952|1732212764|755
/usr/bin/linux-update-symlinks|6320|1593105804|755
/usr/bin/getent|39576|1714501218|755
/usr/bin/systemd-inhibit|22776|1718656179|755
/usr/bin/gpgtar|155264|1656951636|755
/usr/bin/gpgsm|519416|1656951636|755
/usr/bin/networkd-dispatcher|20185|1651672193|755
/usr/bin/at|55560|1542042713|6755
/usr/bin/grub-script-check|278224|1671398943|755
/usr/bin/test|55640|1567679920|755
/usr/bin/encguess|3066|1700751739|755
/usr/bin/seq|51544|1567679920|755
/usr/bin/sg_senddiag|27688|1582581607|755
/usr/bin/fallocate|35048|1712676853|755
/usr/bin/ptardiff|2628|1700751739|755
/usr/bin/pod2text|10803|1700751739|755
/usr/bin/sg_persist|36792|1582581607|755
/usr/bin/sg_seek|19176|1582581607|755
/usr/bin/apt-mark|63960|1696585350|755
/usr/bin/ptar|3549|1700751739|755
/usr/bin/rmdir|47448|1567679920|755
/usr/bin/nstat|80112|1581614519|755
/usr/bin/usb-devices|4100|1569963791|755
/usr/bin/catman|39616|1582650825|755
/usr/bin/byobu-layout|3348|1581948710|755
/usr/bin/less|180064|1714304564|755
/usr/bin/mountpoint|14568|1712676853|755
/usr/bin/byobu-prompt|1156|1581948710|755
/usr/bin/lsns|51440|1712676853|755
/usr/bin/cpan|8155|1700751739|755
/usr/bin/vmware-hgfsclient|14720|1698407515|755
/usr/bin/prlimit|39672|1712676853|755
/usr/bin/psfxtable|22520|1557415371|755
/usr/bin/sg_readcap|23176|1582581607|755
/usr/bin/fold|43352|1567679920|755
/usr/bin/localectl|26848|1718656179|755
/usr/bin/busybox|2172376|1723556224|755
/usr/bin/uncompress|2346|1649415945|755
/usr/bin/pstree|36008|1573557381|755
/usr/bin/tempfile|14360|1575684824|755
/usr/bin/lesspipe|8564|1567485712|755
/usr/bin/paste|43384|1567679920|755
/usr/bin/screendump|14328|1557415371|755
/usr/bin/pollinate|8744|1527624800|755
/usr/bin/sgp_dd|43176|1582581607|755
/usr/bin/lshw|861384|1608197681|755
/usr/bin/dmesg|84440|1712676853|755
/usr/bin/groups|39256|1567679920|755
/usr/bin/trial3|382|1732300147|755
/usr/bin/sg_turs|14856|1582581607|755
/usr/bin/df|93128|1567679920|755
/usr/bin/curl|239848|1733941598|755
/usr/bin/getopt|22760|1712676853|755
/usr/bin/dirmngr-client|121920|1656951636|755
/usr/bin/namei|35048|1712676853|755
/usr/bin/killall|32024|1573557381|755
/usr/bin/faillog|23136|1707223794|755
/usr/bin/slabtop|22768|1698752156|755
/usr/bin/debconf-apt-progress|11541|1564829473|755
/usr/bin/grub-file|799104|1671398943|755
/usr/bin/sbvarsign|68208|1646941264|755
/usr/bin/apt-cache|88536|1696585350|755
/usr/bin/dirmngr|583536|1656951636|755
/usr/bin/col1|963|1581948710|755
/usr/bin/sg_unmap|23144|1582581607|755
/usr/bin/mount|55528|1712676853|4755
/usr/bin/perldoc|125|1572195144|755
/usr/bin/sg_read_block_limits|14728|1582581607|755
